# A tibble: 8 × 9
      n  mean median    sd   min   max   q25   q75 period 
  <dbl> <dbl>  <dbl> <dbl> <dbl> <dbl> <dbl> <dbl> <chr>  
1     6  511.   508.  118.   395   719  425   531. 2019   
2    40  571.   558   139.   351   912  447.  640  2020   
3    42  535.   512.  136.   357   958  442   590  2021   
4    46  537.   535   143.   195   831  436.  634. 2022   
5    40  585.   582.  173.   187  1060  466.  682. 2023   
6    42  558.   554   112.   345   775  489.  636. 2024   
7    27  571    515   229.   200  1270  451   678  2025   
8   243  557    542   153.   187  1270  450   642. Overall
